100 10 100
50	9	97	8	6	91	67	50	67	80
99	88	9	81	71	93	85	55	21	75
33	24	59	91	53	38	8	94	61	7
73	24	5	32	19	24	92	43	88	85
19	53	67	74	40	91	90	86	83	19
77	84	58	15	71	39	56	20	16	48
12	94	38	61	30	17	85	93	70	38
45	62	89	63	87	1	28	43	66	88
15	2	42	90	72	66	13	34	92	77
92	17	46	46	82	41	46	5	64	69
21	8	13	86	83	6	79	77	44	93
8	43	30	58	7	1	37	70	8	78
56	63	5	65	54	64	71	64	60	53
63	98	4	59	4	81	6	69	13	36
22	32	98	20	95	72	15	32	48	14
31	40	36	33	55	30	51	4	34	92
25	32	1	33	78	42	53	32	28	88
89	66	75	80	88	30	24	6	39	40
41	39	57	8	45	12	46	48	26	86
23	15	79	95	67	88	48	88	43	41
22	94	44	56	89	58	12	46	34	53
57	12	66	56	14	39	94	45	85	38
41	50	37	58	40	84	17	86	4	1
20	39	5	17	51	24	84	38	89	5
67	55	68	13	10	34	97	95	93	70
76	31	95	35	48	68	23	71	77	26
28	46	8	82	78	64	38	64	97	55
78	10	67	60	88	99	80	18	85	67
35	34	24	7	27	62	93	8	96	9
18	2	50	13	9	53	94	40	94	9
56	2	60	66	21	59	5	16	87	95
94	26	18	28	2	51	64	6	69	20
37	77	94	8	78	16	18	34	89	34
10	7	2	33	95	6	95	61	81	91
43	81	14	20	20	3	69	39	27	12
11	6	73	20	41	57	16	38	63	51
7	65	10	64	87	79	98	28	92	34
30	31	86	48	99	76	17	48	32	43
87	69	75	58	41	76	13	82	61	64
46	92	1	8	35	6	57	29	89	14
86	17	96	60	84	90	12	25	54	25
79	40	24	99	48	16	48	88	13	75
15	98	26	79	93	62	90	64	17	32
7	23	36	79	28	19	11	68	69	16
92	92	99	70	42	95	78	10	52	7
22	30	96	88	8	21	71	87	50	92
64	52	40	87	3	42	8	90	36	46
74	10	76	85	19	12	81	13	47	50
80	18	68	1	18	41	45	15	72	36
75	92	17	7	94	55	52	69	93	11
58	99	48	22	70	78	98	88	46	47
27	3	63	31	35	4	74	41	97	26
39	62	81	98	76	15	91	94	17	64
37	16	48	32	3	94	22	54	22	5
52	25	93	9	13	26	9	77	45	57
60	63	37	28	51	92	29	45	76	59
19	43	54	48	63	48	69	44	20	44
79	91	5	68	98	72	97	95	65	61
60	43	59	52	41	3	14	33	33	40
68	62	81	44	73	7	29	34	11	42
72	75	4	83	30	74	98	31	62	10
25	65	54	88	88	78	50	13	87	74
78	89	59	6	29	13	2	21	73	72
79	46	29	46	45	80	32	51	95	82
25	87	62	43	19	80	8	22	19	36
12	74	13	93	10	12	61	86	65	76
37	41	35	11	48	23	57	75	97	48
26	99	45	59	88	4	95	33	79	23
88	63	15	54	46	92	56	94	57	48
74	68	98	1	93	25	86	85	8	24
70	48	60	12	58	9	48	35	12	10
5	97	15	12	1	21	11	33	40	43
8	8	22	12	89	74	44	17	80	10
78	43	80	26	92	75	5	61	23	32
32	69	28	85	70	73	49	76	15	48
24	90	76	47	11	54	40	99	20	81
43	58	59	32	43	24	24	29	6	19
66	32	59	36	26	78	94	48	30	3
1	64	60	89	72	83	77	94	51	39
4	95	81	48	86	85	96	69	98	19
79	83	33	56	43	23	55	87	57	82
97	41	66	27	57	5	34	29	40	90
52	85	31	4	27	32	92	49	16	67
43	73	54	81	91	97	7	44	10	79
97	95	89	11	81	97	99	56	34	28
24	75	19	60	61	88	27	68	96	68
9	50	92	49	62	55	89	86	74	87
87	13	9	36	16	66	25	78	41	20
44	37	75	68	71	19	12	97	69	80
26	7	71	79	86	66	8	28	24	92
24	45	5	95	20	48	65	18	87	82
15	82	59	22	35	5	65	70	32	53
7	77	7	34	36	45	51	99	56	60
18	48	70	45	71	52	97	54	37	55
2	32	24	25	96	2	89	73	71	38
78	19	28	44	4	3	33	68	66	16
13	45	6	16	88	42	61	57	49	68
36	72	61	34	63	53	3	41	17	6
97	29	13	40	8	15	57	69	40	72
65	50	41	85	84	6	1	96	12	16
72	73	94	37	61	87	38	34	18	98	41	83	85	31	50	72	1	29	64	44	93	99	23	19	78	15	45	82	9	99	89	56	30	15	98	83	85	96	36	46	33	55	87	58	72	85	93	10	55	36	18	80	12	93	32	18	1	47	92	78	91	66	21	24	55	59	56	43	86	4	4	74	64	10	19	89	90	53	63	87	29	97	51	9	33	1	78	22	77	3	37	37	87	25	11	67	83	61	81	22
80	90	99	95	8	99	36	32	15	60	98	77	61	60	58	36	77	77	75	68	54	42	92	5	28	67	30	7	7	96	23	2	5	70	32	70	69	47	67	41	56	30	74	27	28	97	14	98	31	31	56	71	70	90	30	16	94	72	13	24	60	67	4	60	56	3	59	63	73	30	74	46	81	31	11	37	36	20	51	43	15	1	86	58	57	49	20	66	91	87	53	1	7	37	99	68	9	19	8	76
70	83	67	25	98	25	31	6	66	15	47	63	34	13	62	72	91	33	9	60	77	10	47	45	87	38	75	36	84	16	63	58	11	82	52	52	60	25	91	73	8	80	55	72	42	56	3	29	57	93	25	94	67	23	70	75	73	39	67	46	38	97	64	78	88	49	91	82	76	39	72	62	61	23	51	80	43	86	95	58	3	19	2	8	96	59	58	8	80	24	19	5	29	30	58	84	77	26	31	49
37	65	93	14	50	25	93	41	93	68	84	18	9	54	37	45	8	19	26	85	34	26	59	48	57	82	9	33	40	27	1	94	26	23	72	88	48	28	82	5	6	98	66	20	93	63	77	44	49	3	77	75	10	27	33	74	13	2	23	48	21	23	79	93	6	61	84	63	90	77	53	29	97	44	39	82	47	54	89	16	13	39	20	21	38	39	37	53	12	11	62	49	93	45	13	89	69	60	36	66
71	83	44	46	92	34	62	26	56	43	37	60	49	11	4	84	28	72	22	67	40	47	82	30	62	40	57	30	73	81	31	23	83	23	83	46	83	28	84	63	61	64	68	24	87	47	10	52	60	40	88	48	89	85	5	1	48	67	82	45	22	36	18	76	84	78	3	32	99	53	55	61	71	23	50	7	27	33	78	32	65	89	56	12	78	57	37	75	57	12	37	74	92	89	30	74	82	98	7	96
47	84	92	84	28	16	83	49	31	48	91	94	75	67	7	91	37	72	4	2	17	33	9	57	80	21	49	22	70	29	52	38	91	97	67	69	4	97	39	98	71	94	13	55	37	58	19	21	22	91	58	36	29	67	33	6	13	32	85	16	93	3	2	49	14	16	23	76	96	89	38	26	13	6	47	94	84	62	79	85	72	89	69	56	66	83	54	64	8	54	52	61	74	14	65	17	65	46	56	17
64	72	8	70	53	1	11	44	16	88	84	33	18	48	70	49	2	97	44	42	77	13	86	14	93	99	37	70	76	42	20	63	45	86	25	20	37	48	75	44	47	84	29	67	12	74	79	28	63	61	62	79	57	86	72	35	82	77	78	56	39	93	38	7	57	70	65	73	36	12	33	68	21	51	61	89	56	4	77	92	80	59	8	6	39	59	22	39	6	41	25	94	93	72	92	77	20	6	42	43
21	44	80	27	30	54	24	6	63	63	82	90	60	13	76	32	15	14	43	80	93	87	90	19	44	15	55	70	62	57	79	81	82	87	92	31	94	79	28	35	31	24	69	16	21	27	60	13	65	13	42	65	35	82	66	54	46	54	26	45	27	35	85	32	20	76	93	14	85	84	92	3	88	1	67	85	42	81	63	92	32	33	18	23	67	11	11	63	70	45	36	67	97	26	60	14	8	86	42	75
64	81	14	27	43	25	79	94	20	56	2	47	53	99	43	83	43	58	92	75	28	51	40	73	13	97	83	30	31	20	89	65	49	55	64	84	10	37	69	1	35	19	87	33	84	27	98	88	33	26	38	95	86	1	25	74	40	82	60	75	19	20	42	48	78	70	19	18	11	62	54	18	52	46	67	70	9	82	52	42	34	48	80	3	6	21	44	92	52	78	95	12	39	58	93	87	83	82	46	78
96	19	54	26	34	73	89	46	75	11	29	73	83	6	43	58	77	39	15	92	59	47	70	9	43	69	8	68	50	64	70	92	55	27	34	74	93	44	89	4	66	38	17	11	1	69	93	9	15	86	51	74	2	43	23	64	95	51	44	34	54	25	57	86	5	24	49	63	19	94	50	23	26	4	14	8	1	17	47	32	93	74	17	31	25	34	67	61	35	21	30	18	66	27	17	72	95	1	45	63
10 10 12
95	20	13	19	62	39	69	49	25	81
45	96	5	37	80	46	60	92	64	31
41	39	99	66	32	75	87	24	60	83
65	17	38	86	4	50	23	25	82	28
6	50	76	51	78	42	41	46	10	76
1	71	46	34	99	75	55	76	44	90
52	40	89	54	9	40	65	28	44	25
32	40	51	91	42	71	26	31	36	96
44	14	37	79	10	28	43	29	6	77
81	99	73	82	41	86	50	52	41	59
79	99	22	63	20	25	77	81	31	73	24	70
53	87	44	38	1	94	5	11	21	17	37	60
85	98	16	96	82	35	80	42	83	90	84	97
16	26	2	34	37	92	47	15	58	41	30	3
10	94	38	80	90	87	57	21	33	33	4	72
13	86	22	4	4	26	80	62	22	71	82	71
51	43	75	21	17	16	74	65	25	40	10	67
34	75	66	81	67	44	52	58	75	75	16	45
31	42	2	95	13	75	76	14	45	47	48	11
47	54	57	34	59	52	18	51	51	92	89	35


