3 20 3 
249	908	435	733	502	393	709	271	314	475	309	864	465	616	177	724	961	716	969	474
147	411	769	932	278	101	605	931	748	396	220	602	794	604	875	700	190	764	798	968
434	132	445	123	650	640	992	804	181	380	922	356	368	835	955	930	190	915	805	184
2	3	9
5	2	4
2	6	9
2	3	0
7	4	9
0	6	3
0	9	4
9	0	3
9	7	2
5	6	7
4	4	0
6	7	4
2	4	3
5	3	7
6	9	3
2	3	4
1	5	3
8	7	5
4	6	9
2	3	1
5 4 5
36	35	20	48	26
48	24	64	30	35
62	97	67	49	21
41	74	26	49	58
6802	4555	8962	6617
6583	1686	6263	1246
2201	3421	3400	8229
1424	4139	6050	1986
5771	1104	2141	3041
6613	4276	5052	4519
6388	2356	3272	4041
4697	9213	1965	4047
3429	9097	4141	7446
2942	1048	3807	2658
8934	9627	1460	2363
2765	7346	6610	5750
9074	4634	4625	1201
1906	3770	2782	4642
7493	9917	2535	5969
2291	5687	9730	4770
1532	3720	3150	8523
1280	3127	2896	7464
6298	8355	2580	6005
3786	9704	4867	8282
