Script started on 2022-09-26 17:54:58-07:00 [TERM="xterm-256color" TTY="/dev/pts/0" COLUMNS="116" LINES="61"]
andrew@andrew-VirtualBox:~/Projects/COMP362/LAB5/cmake-build-debug/bin$ lsm-alixMult in.txtt
total 60
drwxrwxr-x 2 andrew andrew  4096 Sep 26 17:54 .
drwxrwxr-x 4 andrew andrew  4096 Sep 25 13:25 ..
-rw-rw-r-- 1 andrew andrew   164 Sep 25 22:24 in2.txt
-rw-rw-r-- 1 andrew andrew   102 Sep 26 17:02 in3.txt
-rw-rw-r-- 1 andrew andrew  6479 Sep 26 17:14 in4.txt
-rw-rw-r-- 1 andrew andrew   834 Sep 26 17:43 in5.txt
-rw-rw-r-- 1 andrew andrew    82 Sep 25 21:50 in.txt
-rwxrwxr-x 1 andrew andrew 22720 Sep 25 22:44 matrixMult
-rw-rw-r-- 1 andrew andrew     0 Sep 26 17:54 typescript_2.txt
-rw-rw-r-- 1 andrew andrew  2973 Sep 26 17:54 typescript.txt
andrew@andrew-VirtualBox:~/Projects/COMP362/LAB5/cmake-build-debug/bin$ ./matrixMult i4.txtt

MATRIX A1
50 9 97 8 6 91 67 50 67 80
99 88 9 81 71 93 85 55 21 75
33 24 59 91 53 38 8 94 61 7
73 24 5 32 19 24 92 43 88 85
19 53 67 74 40 91 90 86 83 19
77 84 58 15 71 39 56 20 16 48
12 94 38 61 30 17 85 93 70 38
45 62 89 63 87 1 28 43 66 88
15 2 42 90 72 66 13 34 92 77
92 17 46 46 82 41 46 5 64 69
21 8 13 86 83 6 79 77 44 93
8 43 30 58 7 1 37 70 8 78
56 63 5 65 54 64 71 64 60 53
63 98 4 59 4 81 6 69 13 36
22 32 98 20 95 72 15 32 48 14
31 40 36 33 55 30 51 4 34 92
25 32 1 33 78 42 53 32 28 88
89 66 75 80 88 30 24 6 39 40
41 39 57 8 45 12 46 48 26 86
23 15 79 95 67 88 48 88 43 41
22 94 44 56 89 58 12 46 34 53
57 12 66 56 14 39 94 45 85 38
41 50 37 58 40 84 17 86 4 1
20 39 5 17 51 24 84 38 89 5
67 55 68 13 10 34 97 95 93 70
76 31 95 35 48 68 23 71 77 26
28 46 8 82 78 64 38 64 97 55
78 10 67 60 88 99 80 18 85 67
35 34 24 7 27 62 93 8 96 9
18 2 50 13 9 53 94 40 94 9
56 2 60 66 21 59 5 16 87 95
94 26 18 28 2 51 64 6 69 20
37 77 94 8 78 16 18 34 89 34
10 7 2 33 95 6 95 61 81 91
43 81 14 20 20 3 69 39 27 12
11 6 73 20 41 57 16 38 63 51
7 65 10 64 87 79 98 28 92 34
30 31 86 48 99 76 17 48 32 43
87 69 75 58 41 76 13 82 61 64
46 92 1 8 35 6 57 29 89 14
86 17 96 60 84 90 12 25 54 25
79 40 24 99 48 16 48 88 13 75
15 98 26 79 93 62 90 64 17 32
7 23 36 79 28 19 11 68 69 16
92 92 99 70 42 95 78 10 52 7
22 30 96 88 8 21 71 87 50 92
64 52 40 87 3 42 8 90 36 46
74 10 76 85 19 12 81 13 47 50
80 18 68 1 18 41 45 15 72 36
75 92 17 7 94 55 52 69 93 11
58 99 48 22 70 78 98 88 46 47
27 3 63 31 35 4 74 41 97 26
39 62 81 98 76 15 91 94 17 64
37 16 48 32 3 94 22 54 22 5
52 25 93 9 13 26 9 77 45 57
60 63 37 28 51 92 29 45 76 59
19 43 54 48 63 48 69 44 20 44
79 91 5 68 98 72 97 95 65 61
60 43 59 52 41 3 14 33 33 40
68 62 81 44 73 7 29 34 11 42
72 75 4 83 30 74 98 31 62 10
25 65 54 88 88 78 50 13 87 74
78 89 59 6 29 13 2 21 73 72
79 46 29 46 45 80 32 51 95 82
25 87 62 43 19 80 8 22 19 36
12 74 13 93 10 12 61 86 65 76
37 41 35 11 48 23 57 75 97 48
26 99 45 59 88 4 95 33 79 23
88 63 15 54 46 92 56 94 57 48
74 68 98 1 93 25 86 85 8 24
70 48 60 12 58 9 48 35 12 10
5 97 15 12 1 21 11 33 40 43
8 8 22 12 89 74 44 17 80 10
78 43 80 26 92 75 5 61 23 32
32 69 28 85 70 73 49 76 15 48
24 90 76 47 11 54 40 99 20 81
43 58 59 32 43 24 24 29 6 19
66 32 59 36 26 78 94 48 30 3
1 64 60 89 72 83 77 94 51 39
4 95 81 48 86 85 96 69 98 19
79 83 33 56 43 23 55 87 57 82
97 41 66 27 57 5 34 29 40 90
52 85 31 4 27 32 92 49 16 67
43 73 54 81 91 97 7 44 10 79
97 95 89 11 81 97 99 56 34 28
24 75 19 60 61 88 27 68 96 68
9 50 92 49 62 55 89 86 74 87
87 13 9 36 16 66 25 78 41 20
44 37 75 68 71 19 12 97 69 80
26 7 71 79 86 66 8 28 24 92
24 45 5 95 20 48 65 18 87 82
15 82 59 22 35 5 65 70 32 53
7 77 7 34 36 45 51 99 56 60
18 48 70 45 71 52 97 54 37 55
2 32 24 25 96 2 89 73 71 38
78 19 28 44 4 3 33 68 66 16
13 45 6 16 88 42 61 57 49 68
36 72 61 34 63 53 3 41 17 6
97 29 13 40 8 15 57 69 40 72
65 50 41 85 84 6 1 96 12 16

MATRIX B1
72 73 94 37 61 87 38 34 18 98 41 83 85 31 50 72 1 29 64 44 93 99 23 19 78 15 45 82 9 99 89 56 30 15 98 83 85 96 36 46 33 55 87 58 72 85 93 10 55 36 18 80 12 93 32 18 1 47 92 78 91 66 21 24 55 59 56 43 86 4 4 74 64 10 19 89 90 53 63 87 29 97 51 9 33 1 78 22 77 3 37 37 87 25 11 67 83 61 81 22
80 90 99 95 8 99 36 32 15 60 98 77 61 60 58 36 77 77 75 68 54 42 92 5 28 67 30 7 7 96 23 2 5 70 32 70 69 47 67 41 56 30 74 27 28 97 14 98 31 31 56 71 70 90 30 16 94 72 13 24 60 67 4 60 56 3 59 63 73 30 74 46 81 31 11 37 36 20 51 43 15 1 86 58 57 49 20 66 91 87 53 1 7 37 99 68 9 19 8 76
70 83 67 25 98 25 31 6 66 15 47 63 34 13 62 72 91 33 9 60 77 10 47 45 87 38 75 36 84 16 63 58 11 82 52 52 60 25 91 73 8 80 55 72 42 56 3 29 57 93 25 94 67 23 70 75 73 39 67 46 38 97 64 78 88 49 91 82 76 39 72 62 61 23 51 80 43 86 95 58 3 19 2 8 96 59 58 8 80 24 19 5 29 30 58 84 77 26 31 49
37 65 93 14 50 25 93 41 93 68 84 18 9 54 37 45 8 19 26 85 34 26 59 48 57 82 9 33 40 27 1 94 26 23 72 88 48 28 82 5 6 98 66 20 93 63 77 44 49 3 77 75 10 27 33 74 13 2 23 48 21 23 79 93 6 61 84 63 90 77 53 29 97 44 39 82 47 54 89 16 13 39 20 21 38 39 37 53 12 11 62 49 93 45 13 89 69 60 36 66
71 83 44 46 92 34 62 26 56 43 37 60 49 11 4 84 28 72 22 67 40 47 82 30 62 40 57 30 73 81 31 23 83 23 83 46 83 28 84 63 61 64 68 24 87 47 10 52 60 40 88 48 89 85 5 1 48 67 82 45 22 36 18 76 84 78 3 32 99 53 55 61 71 23 50 7 27 33 78 32 65 89 56 12 78 57 37 75 57 12 37 74 92 89 30 74 82 98 7 96
47 84 92 84 28 16 83 49 31 48 91 94 75 67 7 91 37 72 4 2 17 33 9 57 80 21 49 22 70 29 52 38 91 97 67 69 4 97 39 98 71 94 13 55 37 58 19 21 22 91 58 36 29 67 33 6 13 32 85 16 93 3 2 49 14 16 23 76 96 89 38 26 13 6 47 94 84 62 79 85 72 89 69 56 66 83 54 64 8 54 52 61 74 14 65 17 65 46 56 17
64 72 8 70 53 1 11 44 16 88 84 33 18 48 70 49 2 97 44 42 77 13 86 14 93 99 37 70 76 42 20 63 45 86 25 20 37 48 75 44 47 84 29 67 12 74 79 28 63 61 62 79 57 86 72 35 82 77 78 56 39 93 38 7 57 70 65 73 36 12 33 68 21 51 61 89 56 4 77 92 80 59 8 6 39 59 22 39 6 41 25 94 93 72 92 77 20 6 42 43
21 44 80 27 30 54 24 6 63 63 82 90 60 13 76 32 15 14 43 80 93 87 90 19 44 15 55 70 62 57 79 81 82 87 92 31 94 79 28 35 31 24 69 16 21 27 60 13 65 13 42 65 35 82 66 54 46 54 26 45 27 35 85 32 20 76 93 14 85 84 92 3 88 1 67 85 42 81 63 92 32 33 18 23 67 11 11 63 70 45 36 67 97 26 60 14 8 86 42 75
64 81 14 27 43 25 79 94 20 56 2 47 53 99 43 83 43 58 92 75 28 51 40 73 13 97 83 30 31 20 89 65 49 55 64 84 10 37 69 1 35 19 87 33 84 27 98 88 33 26 38 95 86 1 25 74 40 82 60 75 19 20 42 48 78 70 19 18 11 62 54 18 52 46 67 70 9 82 52 42 34 48 80 3 6 21 44 92 52 78 95 12 39 58 93 87 83 82 46 78
96 19 54 26 34 73 89 46 75 11 29 73 83 6 43 58 77 39 15 92 59 47 70 9 43 69 8 68 50 64 70 92 55 27 34 74 93 44 89 4 66 38 17 11 1 69 93 9 15 86 51 74 2 43 23 64 95 51 44 34 54 25 57 86 5 24 49 63 19 94 50 23 26 4 14 8 1 17 47 32 93 74 17 31 25 34 67 61 35 21 30 18 66 27 17 72 95 1 45 63

MATRIX A1 x B1
33415 35144 31264 23091 26780 19808 28250 20739 22900 25743 28848 35712 29685 20925 24804 35137 23094 26685 17914 29095 31069 22189 26862 18610 33441 27248 26098 25741 30058 22831 32547 32778 26397 34440 30686 31521 27226 30032 34107 24171 22129 31643 25052 23816 20121 30256 29771 15912 22194 33004 23131 38749 22473 27883 23596 24586 27626 27544 33693 24435 27095 25306 22386 27130 24061 25242 29139 30120 31298 29964 26491 20844 23602 10915 23931 37338 23712 28616 36746 34556 25600 30386 18449 11317 26618 23051 25470 25975 23781 20238 21860 20623 34230 18831 30021 32261 33560 21273 24151 26085
42346 46530 47258 34412 30419 32532 37452 25454 28958 41088 44867 44237 37440 27176 28802 41034 21444 36449 26219 39153 38500 32585 40584 18488 41251 35610 25616 31437 31467 40953 31684 37098 33460 36175 42021 42375 40680 39644 42551 28797 31072 41738 36365 25298 31135 44806 38228 24702 29709 31571 37017 45680 26503 46853 24535 22787 32163 34297 39065 30179 35792 30126 23932 35657 26875 31913 35425 37060 48260 35656 32037 29078 37787 15336 25715 42978 33335 28056 46301 40554 32831 41005 29273 17991 32902 28478 29074 36915 30191 24107 29333 31969 49446 28060 33899 41959 38166 31078 27844 37193
24404 32758 32538 16807 24582 18527 26636 16187 25252 25969 28246 28796 22139 18960 21173 28362 15456 18936 18238 31061 26247 22698 27875 17940 25866 23327 22917 19873 24267 21729 24421 29262 23424 26421 33557 29271 27313 23864 29625 18058 15269 27490 30140 16122 27207 24125 24742 18828 23129 17168 24407 33682 21764 24852 18894 22736 18902 21580 24006 22716 17683 19053 24039 27781 21010 27345 28074 21525 35241 28783 27894 16149 32533 11218 22856 32978 20223 29089 34182 25877 15231 23014 18030 9446 25372 17439 18219 26285 23907 16755 22782 20147 33604 19574 23572 29209 27233 29546 17874 29774
31770 30836 25591 20631 21995 21501 26500 22750 19104 29482 25050 29441 26813 21510 23927 29818 15210 25779 23131 30909 29288 24222 29036 14500 26970 30935 20680 26358 22228 26225 28252 31602 23611 25474 28449 30200 27601 26826 31588 14397 21195 25405 26854 18349 21139 29324 36627 17771 21050 22646 23500 36903 20085 28332 18966 22098 25451 28416 29011 25852 22606 22349 20559 22732 21316 26350 25072 23766 25025 24976 22075 19451 24188 12701 20811 31481 19517 21134 30888 29669 25504 29636 19152 8773 17661 16506 21711 27465 20977 18659 22761 21303 34933 21471 26688 33067 29549 21476 22432 27419
34855 44840 38324 29290 29642 21437 32924 24429 27445 35362 40428 38163 29333 28942 28935 38224 21778 33170 24541 36245 33824 25362 37057 22704 36823 35523 29976 26087 34115 27476 30488 36169 31311 41238 37907 36246 30539 33030 39885 26875 24531 38284 34135 25156 29272 34862 32708 25687 28819 29061 32796 44318 30682 35265 27201 27429 30418 32411 34715 28425 26787 28234 26946 32243 28406 32755 35073 32973 41775 35432 34716 23259 35065 16666 30603 45196 28119 33242 44717 38303 26202 31252 24891 14267 32263 27933 23411 34921 27083 26917 29386 28788 42466 26653 38901 38321 32696 31215 24145 35991
33389 35259 32411 25171 25315 24918 23414 16322 19130 27013 29319 32613 27220 17205 21622 30428 20170 27332 19374 28258 29628 22285 29899 12330 30141 24584 21312 21537 23058 30786 24167 22973 20784 26284 28732 29200 31166 25953 32529 22962 21879 28387 27642 20187 21831 32913 22773 19523 22074 25424 24573 34309 23654 33644 18037 15791 27029 27116 29504 22097 25375 26782 15442 26042 25723 22426 25072 27220 34089 21335 23834 24198 27289 11039 17813 28182 22514 20292 33259 28702 21413 27314 21138 11712 26399 20976 21710 24162 27000 17506 19068 19251 30722 21089 26043 32435 28173 20869 18016 27569
31751 36977 32689 25325 23091 23748 26041 20384 23483 31317 35279 32363 25314 23716 28566 28951 20166 28472 25223 36185 32077 23625 38062 15614 28112 33703 23676 23441 26074 28093 25436 31068 23842 33895 30634 30748 31393 26406 35564 18258 21203 28162 31995 18756 22895 31818 30555 25126 25183 21292 28527 40055 27239 32426 23470 24825 31734 30735 25100 24977 20906 26820 24694 27877 24747 28015 32647 26810 33331 28894 32310 19802 33565 15184 24516 35070 20537 25381 36102 31203 21529 22798 21445 12494 26098 21160 17824 31275 27086 25003 25187 22719 34659 24195 34996 34999 24406 25174 18666 34949
38352 38578 35450 21939 31749 27251 32423 20684 29453 27375 29268 34884 29424 19663 25900 35444 26210 27127 22360 40384 33220 25316 36860 17680 31192 32769 25718 24973 28496 31187 29841 33400 24449 28015 34718 36267 37614 24811 42076 20158 22192 31273 34502 19805 29050 34026 30504 24367 25856 27130 29610 43094 28198 30759 20605 27050 32652 30415 30711 27492 22786 27970 25941 36570 29523 29807 31238 29346 36600 31374 32182 24105 35724 14057 23173 30759 19559 28117 39357 27740 23092 29158 21780 11219 29378 22336 25405 30963 31640 19535 24977 19647 36024 26019 28079 41605 37434 27955 19811 37711
30550 33478 30302 18225 26302 18077 35336 22588 27485 23889 25312 29623 25654 21841 18311 34107 19590 23697 17329 33172 23081 21329 27559 20664 26966 29635 22636 20624 26951 21777 26305 32541 27360 25152 32555 34095 26251 23624 35626 17454 20528 30459 27493 16404 28651 26380 29697 20249 20683 23913 28183 35547 22353 22822 16239 24607 22378 23911 28610 23542 20024 16222 23186 33049 21127 26893 23602 25137 32025 34332 26845 16937 28435 12427 22974 29960 18007 27434 35423 23833 23610 30050 20792 10560 23295 21374 23071 31002 20346 17501 25734 20521 35592 22326 23520 34154 36384 28160 19644 31650
34424 35331 30461 20906 28934 22384 30122 21219 22594 28054 24632 31458 28175 19626 20074 34965 18000 26160 19903 30930 28427 24225 27445 16940 30937 27778 23038 24381 24747 28462 28038 29433 24495 23037 32869 33424 30160 26349 35043 20240 21656 30682 29357 20283 28063 31203 30696 18675 22655 25735 25907 36898 22762 29500 16784 20142 23232 26819 33628 26201 24594 23264 18930 28823 25857 27327 23446 26364 32939 25635 22328 23726 27416 12232 20497 30248 22121 23914 35190 27836 24374 33613 21338 9150 23509 19969 25640 26932 24234 15115 22677 21143 36126 23268 22743 36191 36721 25836 21731 28867
30836 30722 28269 18603 26274 20138 29601 19378 28158 27728 28832 28664 24099 16966 23149 29505 15420 24616 18377 36465 29695 23221 35758 14602 28827 31504 19513 26270 28048 26813 23932 34797 27624 24834 31510 29324 33408 23626 36127 15077 21028 29593 27545 15412 24077 28486 33492 17519 24299 21299 29972 36428 21272 29902 19282 24095 27517 26587 27097 24738 18093 21414 26301 29725 20259 30410 28131 24499 31551 31272 27680 18975 30239 12988 23164 28802 17671 21888 35161 26643 26642 29763 15686 9155 23364 19357 19881 29914 20603 15426 21880 26359 41008 25305 23336 34626 30629 26138 18942 33916
20644 19253 23033 13073 14401 17118 18354 10825 19598 17079 22300 21014 17027 10440 18543 16814 14220 14286 12217 25407 21830 15413 24817 7902 18237 20069 11377 17217 17094 18258 16360 23622 15052 19000 19073 20083 24099 16490 23511 9548 13095 18260 17770 9889 11744 20798 21152 11453 15082 15039 17958 25240 11751 19816 14906 18046 21327 16522 13916 14625 13610 15909 19108 20678 10961 16513 23520 18206 20968 21570 20864 11229 21342 7459 13389 20029 11719 15089 22675 18198 14974 15012 9309 8438 16542 12402 12845 18264 16300 12190 13597 13578 23670 12992 16788 21818 17376 13273 12487 21810
33485 38051 35535 26648 24485 24615 31030 22741 23679 33380 34856 35032 29501 24471 24526 33526 17525 29701 23679 33797 30679 26622 34134 17059 31218 31551 23135 25240 26261 30879 27341 31769 28344 31010 34519 34304 31437 31018 35028 21159 24563 31866 31199 19769 26406 33755 33124 22468 24559 23894 30203 38585 24282 35319 20614 21412 26813 29705 30803 25842 26070 23401 21662 28782 23142 28245 28706 27972 36798 30802 28214 21514 31584 13771 23636 35822 24669 25207 37379 32715 26244 31730 24445 13516 25567 22318 22234 32575 24696 22172 26231 25881 39856 24195 30621 34724 30620 27782 22312 32699
25051 29927 36701 23125 14776 24875 24457 15350 18493 26185 32082 31590 26196 19230 19619 24383 15932 20452 18331 25180 24369 23224 24957 12104 23408 19736 16187 17933 16848 26724 21756 22796 20206 25645 28079 29277 26031 28179 24014 18529 19200 24152 24850 14650 18929 28830 22601 17388 17476 18083 21915 28765 15126 29866 16015 15060 19185 20241 20534 17398 24913 16989 15557 23434 14045 16852 25323 23118 33266 25370 23265 15156 27084 8051 15151 29630 22442 21274 28486 26482 16646 22070 21584 14884 21784 16963 17686 24470 22475 19003 20568 16568 28266 13418 23292 23296 21254 20539 18067 23400
27921 34495 28574 20576 27253 16379 24723 15186 21022 20625 24777 29945 23285 16797 16804 31779 20540 23973 14250 25311 23325 17948 24744 17350 27957 20737 24834 16332 26741 21451 23657 21726 23276 27327 29292 26620 24436 21910 30861 24503 18630 28290 25445 19091 24283 24599 15757 18716 20871 25093 23526 30757 25944 25183 16749 16966 21892 23402 28874 19735 19969 21023 16400 27337 26043 23156 21208 24059 33847 25013 25264 19725 25590 10024 21153 27582 19529 25739 33531 25242 18189 24952 19532 9834 28247 22264 19915 24044 23993 16543 19378 18120 28203 20111 24886 28703 29380 25112 15305 27053
28844 26431 23707 18347 20702 18565 24234 16499 19261 19683 21768 24992 22137 14644 17045 25884 18009 22477 14420 26270 22326 16611 25358 11453 23678 24804 15862 18643 20796 22639 20047 23622 19028 20239 22088 25557 24983 19200 30039 15050 19017 23881 20222 14715 17472 26083 23369 15516 16549 22692 22133 29226 17834 23591 13968 16980 24344 22075 23773 18287 18993 18910 15722 24700 18450 18958 19840 23111 23915 22558 20077 17666 20499 9812 15257 21025 14756 15876 27281 20775 21691 24164 15667 9272 19044 17922 19008 22385 18252 13935 17001 16010 26899 18367 20076 28903 27056 15867 15214 24395
27467 26099 24078 19186 19846 18422 24919 16523 19759 21215 23372 26193 23042 14422 16125 25932 15148 23134 14355 26433 22119 18776 27005 11184 23495 23780 15710 19437 21767 24232 19899 23861 23296 20582 24243 24673 26052 21091 28666 15562 20834 23685 20303 13183 17895 25080 23930 14961 17308 20971 24290 27536 17822 26557 13347 15096 23123 22747 24026 18030 18763 16393 15738 23960 16878 20603 18616 21305 25894 24844 20780 16419 21211 9138 16524 20790 15282 15607 27330 22015 24131 26482 16691 9936 19434 17930 17669 24984 17189 14095 17533 19959 30714 19502 19896 26659 25843 19169 15216 25818
35554 39597 37375 23061 30732 25867 30518 19224 25382 29585 30094 32819 27602 20323 21983 34831 21105 26388 20959 33753 30224 24242 30814 17243 32454 28326 23591 22390 24692 31195 25757 28363 21622 24690 34816 35967 33445 25964 37792 22624 20530 33588 33589 21137 31342 34834 26834 22801 24865 24711 28079 39111 25227 31907 18167 21081 25026 26286 31805 26155 25314 26891 20237 33216 28213 27174 28196 29329 39527 25725 26310 26012 34115 13569 20211 32055 24254 26031 38586 27255 19874 30192 23063 11284 28355 22035 25438 27016 29067 16501 23713 19842 35111 23995 24368 39098 36007 27335 20092 31931
27989 25661 24578 17291 21195 20341 20625 13782 19451 19742 21957 27307 23203 12005 20090 24628 18551 20325 15078 27229 26392 19128 26816 10185 23881 21832 17703 20773 21453 23616 23210 24311 19097 22286 23499 23655 28235 20588 28422 15771 17874 21555 21702 15089 15371 25111 22884 13803 18235 22404 19861 30187 18184 25095 16465 17976 25478 23025 23172 18967 18739 21316 17953 23024 19491 20271 23029 21666 24688 21906 22147 17369 22165 8323 16209 22433 15056 18182 27117 23630 19936 22394 13841 8591 20970 15900 18339 20955 22021 14040 15380 15695 26889 17101 20844 27101 24797 16788 15689 24735
32402 40304 39059 24018 31070 20390 33842 20253 31415 30531 37116 36561 28120 22354 24977 36910 20681 27375 18071 35565 31941 24620 34151 21505 36354 29742 26909 25514 34286 26041 28726 36434 31411 35391 38581 34915 32494 30611 38552 26159 22331 38424 31328 22269 29391 31990 29342 20144 27622 28329 31941 40471 25680 32612 24372 26442 26394 26802 33179 26038 24927 24476 27933 34595 24542 31744 33697 31322 43168 36809 33006 21665 34676 13439 28101 40543 26485 32653 43755 34002 24986 32081 20450 13148 32893 26344 24085 31693 25238 20014 25775 27904 43291 24315 29677 35727 35024 31479 22784 34316
32299 36266 35896 24972 24298 24889 29763 17910 24445 25316 31842 33639 27492 19641 20191 31366 22607 26823 18929 32449 26241 22502 32588 15533 27387 26503 21749 18524 24817 29507 23333 25055 24628 27814 31267 32162 31340 25116 34675 22033 22903 28958 29173 16673 25180 31232 21767 23421 21655 23576 28939 34220 25279 31598 16780 18593 27319 26348 26214 20711 23060 21415 18611 32160 23491 23010 25388 26731 37240 29913 29393 20026 31657 11439 19890 27405 20126 23850 34949 25642 21386 26111 23945 14369 28285 23025 20462 30122 26892 20443 23189 19568 31938 22064 27195 32460 29457 25891 16170 32967
30632 35152 27974 20681 26500 17720 26168 21433 21652 29863 28244 29248 23987 22876 25328 31838 16714 25795 21523 30479 30203 21466 28514 18162 31165 30986 24400 25124 26602 22273 27685 32700 22838 30200 30431 30493 25731 26313 33708 18864 18336 30860 28504 22224 24332 29241 32850 18710 23933 24636 24040 39130 23202 26707 22746 25002 24698 26991 30847 26668 22074 25844 23356 24865 24751 28627 29321 26975 29830 25437 24820 21285 26921 14381 24274 37598 22643 26478 35909 31536 21861 27619 17674 8297 22836 19876 22059 25727 22007 18996 23202 22165 35269 22055 29225 34861 30373 23389 22515 27544
21722 30061 33291 20546 19146 18430 22007 12436 20013 24418 30833 29486 22336 16288 18079 25005 13523 19414 14260 23188 23840 20643 24172 13639 25783 16921 18737 17404 21745 22453 20356 22495 22427 26742 29293 24983 24441 25905 23633 21445 16872 26461 23734 15790 20235 24570 18074 14734 19812 18230 22190 26989 17372 28319 17311 14748 16813 18786 22501 17184 21162 17367 17080 22569 16201 20414 24765 21845 35217 24939 23733 15443 26648 7928 18507 30502 22544 23394 30548 26887 15793 22135 17682 12090 25097 18255 16069 22458 20680 15915 18245 20104 30425 15050 22074 21738 20899 23504 16495 23167
22638 27763 17337 18609 17825 12995 18366 17677 12349 23701 20871 21340 17625 19479 17383 23446 10880 23508 19503 22445 20166 16471 24238 12954 19994 24905 19306 16262 18705 18884 18791 19786 19241 22892 21995 20852 17871 18657 24352 13669 16372 19705 22689 14685 18935 20613 22799 18794 17789 15031 20299 27357 22492 22531 14664 14710 19703 24235 22395 19480 14324 17764 13650 16349 20961 22059 16939 16835 21158 17781 19268 15355 20192 12025 19108 24606 14717 17156 24836 22773 17871 20264 17797 6595 16052 15201 12959 23479 16759 17869 19164 18475 25506 20066 26052 25210 19157 20288 13843 23794
37648 40043 34534 26588 28083 26845 28209 23705 23989 34331 34043 39342 32704 24869 32534 35791 23140 30700 27678 37700 38895 29112 37202 18052 34183 34333 29211 30794 29975 30977 36225 36841 27857 37870 35403 34774 35119 33341 38099 22294 24316 30740 34268 24495 23598 35183 37939 22603 27656 29564 26947 46189 28208 35459 27344 28249 33986 35340 34140 30354 27531 31420 26911 28050 29176 31767 35426 30140 34289 30617 32228 23740 32357 14545 27444 41548 25000 30538 39689 39366 26711 30771 22565 11850 27848 21774 24918 31857 31120 25693 26410 24184 39314 24439 37268 38346 32288 26672 25909 34342
32888 39705 36547 22824 29808 23331 29178 20033 24485 29536 30185 37248 30261 22231 24886 36521 21672 25448 21821 32292 32387 26811 28946 20396 32854 25650 29213 24618 28382 27042 33263 31403 26622 32697 37359 34451 30948 30754 34352 25243 20663 31691 33296 23181 28538 30684 28295 20594 25642 27309 25002 40259 26511 30619 22516 24036 24270 28216 33685 27112 26182 25859 23190 29694 28337 29219 30213 27617 38653 29688 29266 22412 32268 11848 25274 38789 25683 33107 39095 34045 20573 30217 22876 11169 29723 21584 25218 28325 29995 20528 24968 21044 36032 21366 29709 34339 34562 30211 23413 30715
33100 38482 34420 24155 25903 22850 35254 24702 26405 31039 31859 34130 29048 25895 22418 35465 18948 28753 23591 36215 27539 26288 33820 20370 28774 32920 24977 23150 27313 28408 28181 33001 30324 29840 36214 36142 30207 28627 36820 19583 24153 31265 32720 17850 30423 30788 33045 24955 24108 22770 31705 38903 26568 31038 18694 23854 25743 29519 30300 26279 23025 19681 23387 32446 24047 29926 26564 26165 36540 34964 30290 19271 33234 14360 25427 34172 21600 28287 37895 29344 25771 31830 25975 12922 25465 22563 22437 35801 24601 22731 29043 24830 39683 25681 30184 36055 34116 32039 21187 35957
41597 46385 38259 28838 35985 23595 38644 27673 28692 35536 34941 40277 34381 27621 25403 45338 22796 35402 23356 36665 34363 27865 34100 23980 41207 35963 30783 29642 35335 31747 34606 37887 33926 35301 41079 41073 33653 34735 44080 28938 28142 42081 34538 27565 34154 38334 36937 23555 28837 35144 34108 46059 30062 36750 23787 26061 29353 33702 43562 31773 31486 28607 24447 35795 31769 34549 30408 35441 42764 35360 29894 28633 32670 16165 29121 42650 29841 32265 46677 38023 32338 42184 26834 12904 31765 29075 31179 35189 27309 21901 29546 29674 46724 29215 33073 43700 44678 32533 27836 35491
25138 30506 19021 21225 18932 12678 20369 20027 11396 24606 22045 23567 19890 22392 17644 27000 13070 26018 19433 20394 20435 15854 21434 15138 23439 25931 20956 16939 20150 18145 21143 20630 19589 25886 22176 23507 15576 21568 25606 17072 17915 23277 21739 18500 19131 23234 23862 18629 17356 20336 19854 29176 22534 22642 16063 15258 19865 24760 26533 20267 18797 19309 12329 16782 22113 20922 17299 20828 21826 18170 18035 17387 17743 12460 19567 28633 18089 18757 26926 25757 19704 23104 19408 7731 16825 17972 16369 23082 16253 19238 20213 18164 25465 19154 28191 26621 22533 18450 16827 21292
22303 28001 17475 17586 19506 9754 18693 17966 13589 22604 21157 22331 17706 20072 19053 25342 12562 22518 17139 20768 21456 14795 21004 15536 23460 24488 21399 17967 22251 14075 21882 23455 19619 27134 22014 21131 15266 20375 24678 16052 15038 22866 20440 18228 17278 20035 23825 15484 18004 20054 18092 29219 21034 19516 18324 18377 19309 22830 24982 20049 16076 19201 16314 16166 20613 22277 20071 19816 20632 19439 19326 15239 17569 11683 21200 30205 16947 21056 27101 26117 18105 20767 14756 6072 17337 16751 15267 21067 15228 17716 18607 18260 25871 17655 27123 24890 21299 18257 16880 20562
30442 30153 29640 16209 23912 19857 32164 21335 24094 22096 21663 29205 26516 20015 18967 32015 20275 20232 17025 30090 23937 21237 22439 18515 25813 26474 20808 21412 22680 20832 28352 31555 22203 22796 29515 33687 25039 24032 32368 15720 18352 27365 25304 17198 24555 26587 30545 16590 18005 25010 22105 35074 17589 20202 16058 24356 20908 21771 27659 22988 22241 17241 21353 29662 19324 22794 23799 24908 27507 29798 22672 16824 24573 10396 19079 29618 18147 26148 31885 23807 21010 28297 18618 9646 19926 17890 24772 25695 20754 15652 23071 15057 30742 17326 20743 32377 35871 22381 21398 25885
24241 27807 23038 18191 17937 16359 20106 18093 11849 25574 20901 23711 21192 19760 17488 25284 10626 20744 18826 19783 22029 18896 17879 13264 23399 21782 17810 18974 15751 20177 22135 21819 16536 20704 23827 25375 18060 23462 22726 15143 15542 22647 22352 17744 19627 24477 26343 14539 16615 18165 16750 28571 15923 22764 14854 14788 15159 20744 25503 20743 21222 18603 12560 16147 18510 19432 18976 20118 22917 16089 14518 17600 18721 10268 15788 29068 20301 18530 25469 25165 16854 24061 17737 7315 14710 13840 18610 19268 16994 14758 18631 15831 25989 15310 21396 25540 23788 17496 19272 17677
32816 36418 28993 21543 27066 22861 25071 18352 20393 23406 23959 31569 26035 19672 21997 31901 24351 25734 21929 31721 27547 21568 29913 16655 25581 26669 26522 18535 23837 26207 27591 23633 20496 27502 29530 30151 28934 21820 34346 20450 19486 24456 31316 18966 25330 27975 21847 24470 21995 23839 23396 36786 29556 26338 17803 20942 28023 28957 27767 23577 20078 25253 18419 28706 30261 24738 24132 23900 31088 24084 28164 21224 29743 12343 21123 27362 17241 26285 33002 25576 17552 23102 22783 9762 26442 19903 20888 27052 30352 20878 22599 14706 26275 22380 29517 34420 30239 25388 16065 31968
30949 29874 21256 19271 24862 17821 27158 21039 22800 25787 23806 27428 23963 17903 21355 29735 15472 27110 19775 33535 27111 21775 34029 14312 25886 31783 21137 24550 27045 25365 24765 30768 27897 24719 28236 26441 29468 21885 34452 14391 22354 25239 25772 15198 21872 25676 32205 18762 22318 21728 28042 34635 24401 28140 17416 21452 28362 29567 28064 24229 16552 20385 22079 25730 22788 29368 22196 21590 25699 28278 25575 18288 25294 13032 23271 25282 14560 19641 31645 26031 28206 29531 17395 7718 20534 18742 18518 30507 19663 17383 21648 25027 37147 26174 26068 33151 29260 24910 17490 32961
20972 23902 20713 18012 13963 17064 13229 11985 10987 21821 22448 20462 16466 14440 18028 17439 11193 19255 17302 20433 21386 15589 23310 7369 18460 19970 13917 15109 13699 20933 15072 16201 12588 19810 18284 18599 20321 17616 20884 12451 13809 17138 20469 13004 13590 22386 18525 15680 15873 12944 16688 24514 16835 23727 14138 11925 19610 20120 16846 15902 15349 19434 11824 14570 16854 16266 19483 17053 21067 12921 17371 15225 20163 9469 13142 21448 14877 12882 21485 20705 13082 14887 14532 7789 15664 12482 11367 17520 18174 15076 14340 14024 20681 15086 21762 21948 13664 13818 11911 19833
23462 25789 22231 14929 20672 13548 22634 14883 18764 16283 18919 24784 20387 14805 15637 25982 17771 18353 12360 22962 19796 15523 20177 14967 21791 19602 19779 15854 22131 15709 22470 22724 20001 23027 23390 23272 19857 18745 25898 16651 15452 21958 19699 14895 17895 19528 18820 13969 15968 21752 18396 27181 18707 17834 14796 18170 19298 19458 22908 17142 16359 15669 16750 22825 18568 19216 18997 19788 23731 23941 21201 13688 19517 8096 17964 23798 14290 22123 26714 21172 17038 20958 14571 7875 20256 16879 17506 20930 18083 14448 17116 13993 23963 15205 20622 23977 25733 19104 14862 22165
34674 41594 30959 29202 26489 19508 32863 25827 22756 32535 34609 32574 26806 28333 22415 36247 18983 35266 23797 33139 26662 21883 35240 20019 31602 36619 25495 21741 29535 27887 24357 29671 29803 33453 32478 33808 26629 27684 38662 22780 26189 34345 30492 21018 28714 33001 30490 27239 24604 25716 33664 38753 30524 33425 20014 21139 29116 32220 32868 25621 23684 23412 19733 30205 27195 29296 24979 29380 35630 31366 29215 22531 29925 17000 26411 34925 22919 24538 39121 31051 28409 31842 26796 13287 26428 26972 21069 35621 22135 25098 28407 27571 38818 28647 35499 37596 31671 28496 19788 35135
31309 36584 34209 22283 29321 20159 29526 16816 26206 24044 29596 33767 26799 17547 19397 34379 21652 25461 15150 30363 27176 21591 29290 18074 31602 23761 24798 20433 29588 25683 25860 27402 27016 28984 33520 30852 30134 25659 34853 25486 21382 32466 27842 19721 26472 28843 20970 18991 23369 27250 27721 34458 25274 29640 18678 19900 24553 24875 30993 21989 23001 22271 20505 31889 25262 26053 25696 27461 38657 30373 28338 21250 29713 10643 22690 30647 22126 27488 37657 28027 22107 29327 20407 11843 30721 24111 22682 27481 25469 16927 21461 21857 34840 22001 25072 32093 33226 27630 18158 30730
38265 43044 45198 27166 29957 30973 34985 22526 28991 33576 36953 43255 36084 24600 28361 39154 25456 28280 24802 38418 36607 31626 34760 20488 35533 29620 28759 27965 29362 34064 35983 35957 29425 35269 41254 40847 37898 35789 38920 26386 25092 34958 36834 23533 30185 37516 33479 23461 27295 29925 29619 44851 26317 36824 24076 26577 29116 30972 34704 28906 31431 27577 26049 35459 27564 29915 35277 32207 44119 35588 33538 24121 37582 12492 25391 41392 28541 34422 42836 36936 24364 33745 26769 15482 32389 23926 28443 33270 33849 23623 28358 22775 40783 22635 31939 38373 37980 31758 26231 35388
25102 28505 21113 20233 15622 19491 18103 17738 10733 24361 21212 23469 20438 20186 18799 22462 13941 23198 23008 24054 21501 18940 25017 11127 17693 24751 18469 15540 14026 23350 20010 17616 15584 21481 21652 23589 20658 19487 24215 12462 16904 16665 25486 13928 18724 23757 22916 21734 16686 13943 18897 28681 22374 24145 13504 14081 21527 25345 20215 19545 16693 19205 11839 17203 21683 19113 17789 16987 21271 15942 19696 16108 22537 11614 15860 22923 14545 16436 23103 21872 15344 18162 21130 8392 15338 13445 13828 23617 21623 19876 20044 13768 21592 18541 26715 26372 18624 18914 13698 24493
33835 41021 37957 23084 32596 21898 32337 20002 25935 28830 29933 36084 29670 21525 20561 38982 20939 26260 18357 30462 29474 24926 26484 21379 35357 24773 27819 23017 29175 27325 30208 30001 27054 29246 38192 36075 30114 29866 36008 27630 21311 36220 32058 23786 32148 32029 25759 19846 25227 28892 27253 38436 25593 30737 19791 21450 21343 25615 36409 26329 27491 24497 20724 32572 28327 28601 27273 29722 41915 29622 26596 24740 31601 11928 23862 37104 27361 31672 40889 31551 21678 33984 23445 11420 30887 24148 27394 27558 27582 16923 24495 22226 37650 22416 25398 35840 38858 30712 23029 29620
31343 32928 37441 20298 25598 26396 29039 17513 28194 31387 33284 32905 27472 17292 25557 29396 15821 22219 20183 36230 33582 27567 34364 13853 30999 27659 19261 27691 24848 31162 26201 34811 24986 25410 35132 32959 36868 28769 34118 17618 20086 30984 31029 17280 25382 32814 33707 16901 25334 20849 28028 38018 18166 33906 20757 23526 25019 24794 27081 25567 23669 23954 26197 30033 19432 28754 33022 26569 37512 29867 27631 20876 34357 11572 20923 33651 23451 24634 36557 29923 22595 29626 17572 11450 25474 18003 22278 27628 25444 15339 22098 24376 41113 21649 22168 34123 30440 26580 21944 31771
34444 41416 37803 30426 26998 24093 29880 19911 26145 33343 40930 35124 27072 23153 25046 33214 19792 33360 21648 35073 31395 23441 39848 16066 34188 33006 23132 23079 30229 32589 22022 29368 28532 34294 33833 32545 33848 28939 38743 25281 25661 36002 31380 20577 26532 36236 26628 25258 27031 25111 34817 38476 28543 39386 22223 20011 31466 30560 30221 23970 24993 27179 21808 31967 25651 28640 31022 31404 42164 31062 32218 24160 34794 15337 24699 34894 25341 23652 40946 32443 26321 29529 24087 15329 31625 27338 19926 33194 25922 23096 24935 28846 40589 27475 33467 36429 27999 27629 18462 36260
18752 24301 23032 12219 17331 13593 21498 14202 19391 19386 20736 20402 15993 16251 16677 20930 12414 14692 15239 25210 18841 16346 22043 14210 17681 20917 16945 14584 17773 15171 18208 23476 17160 20060 24070 22922 19511 16649 23554 10911 11434 19750 22942 11194 20518 17854 21004 16107 16749 12124 18939 26558 16912 16614 14181 19369 15725 17024 16553 17505 11867 13560 19334 21703 15382 20705 21316 16024 23962 23006 21916 10863 24624 9712 17670 24531 13180 21777 25221 18139 11761 16039 13970 7077 17237 12902 13177 21500 17182 14346 18842 14270 24509 15413 19325 23437 20553 21746 13183 23854
40153 49630 44017 32827 32982 26714 32705 23985 24820 37630 41199 40096 31952 29330 28254 41251 24517 35208 25554 33818 35627 25756 33840 21839 41230 34120 29812 25608 30814 32905 30321 31982 25523 38356 38435 40627 32331 34748 41799 31399 24965 42264 36563 29760 32558 42111 30265 27019 28980 32748 31468 46154 30652 38819 26026 23911 29729 31970 39194 29664 33561 34065 21509 33771 32939 29649 35111 38055 46093 28718 30586 30671 35790 17073 26114 45964 33516 31791 46573 38745 23804 33766 28192 15321 34189 29492 28615 30711 31487 24911 28455 25076 39637 25973 36938 42863 37157 28219 25794 32735
33918 35160 35134 20489 28365 22827 30322 19707 30982 28273 33819 33461 26507 20018 29915 31868 23454 24469 19915 38982 35113 23121 36191 17674 33137 33497 23665 27892 30986 25056 29307 39348 24568 33456 32622 33604 34533 26826 39644 18839 19537 33398 30015 20916 23084 32595 34294 19020 26024 27819 27822 43476 22573 28663 26181 31493 32215 27279 28159 26541 22463 28097 31301 33230 22979 29710 37801 31201 34355 33709 32769 20651 33210 13916 25261 37944 21476 29335 40023 31801 23272 26269 15249 11255 28204 22111 23453 28302 26120 19836 23489 22268 38446 22264 29495 38018 32587 23538 22474 33675
26096 30430 36183 18350 20278 23791 26493 16175 24101 26949 30299 30944 25322 18563 23147 26277 16498 17991 19076 30900 28340 24641 27341 14800 25583 22908 19054 22005 20543 24908 25470 30217 20987 25764 31691 31102 29415 27032 28150 16458 16493 26210 28464 15788 22706 27950 28165 16738 21011 18389 22453 34059 16237 27052 19154 22425 20299 20805 22209 21825 22173 19587 23211 26773 16608 23129 30403 23467 33707 28184 26144 15926 31102 9659 18919 33173 21648 26329 32099 27182 16128 22992 17968 11779 22936 15804 19782 24784 24241 17089 21813 17709 32481 15740 22389 28183 26077 24164 20187 26864
29771 31881 27929 17250 26780 17899 24973 18219 22644 27294 25935 25200 20959 18495 23126 28859 15644 21986 18043 29585 28840 18936 26391 15472 30513 28873 19779 23903 23666 21967 23232 31266 17749 23630 27954 29647 26584 22404 33416 16426 15286 31033 26601 20586 24045 29524 30648 15927 22530 22781 22609 36902 18783 24473 20299 23788 22605 22332 28239 24981 20644 25779 22546 25780 22385 26127 28940 27010 29041 21858 21421 22127 26521 13553 19882 33271 21359 22700 34237 26486 18872 25870 13870 7015 21374 18051 22219 20946 20477 13349 19767 19380 33180 20430 22120 35305 30662 19702 20655 25024
26461 28523 23027 17091 21697 17018 20155 16716 14375 22083 18919 26109 22690 17142 18590 27341 15866 20372 17457 21999 24099 18835 19216 14090 24442 20801 21038 19417 19164 19899 25522 22568 17252 22557 24602 25258 20971 22328 25434 17260 15683 22360 23071 18756 19235 23804 23791 14492 17591 22124 16179 30519 18931 21648 16194 17183 18826 22243 26938 21133 20646 20926 14650 19121 22145 20421 20263 20964 23541 17840 17702 18386 19579 9392 17130 27896 18583 21549 26996 25451 16805 23630 16623 6788 18434 14998 20196 19039 20928 14771 17651 13947 24665 15705 22172 26945 26664 18200 18642 19895
35253 42565 34976 29282 26714 27215 28287 22972 19336 34535 32492 38416 32277 25829 24516 36265 19414 32514 28299 33270 31859 29813 34776 17868 30086 29387 29052 23675 25402 34608 31181 26202 29046 32504 37143 34089 32464 31984 34254 24650 26008 28326 36384 21257 29450 33281 29223 27246 26134 23352 29145 39389 31909 38206 19742 18171 27485 34801 33693 27652 26573 25859 17760 27118 31134 29831 25413 25173 38643 27359 29599 23873 33643 13836 25042 34932 24938 27777 37036 34652 24320 31847 30255 13021 28063 21936 22115 34401 31752 25534 27695 24431 36913 26469 35165 35076 30484 32810 21183 35254
40482 46467 41777 34531 30168 29656 31123 23298 25638 37855 42775 44136 35462 26230 30805 39326 24184 37202 27026 37810 39101 30301 41916 18184 38911 34296 29850 29315 33377 37600 33007 33488 32708 41301 39056 36808 38548 36989 40986 30021 29828 36972 35953 25912 26921 40534 32701 26279 30106 31945 34083 45309 32270 44889 26931 22988 35917 37423 37475 29058 31908 32666 23655 32016 31231 32017 35040 34396 44668 33258 35158 27595 36193 15189 28277 42089 29969 29607 44534 41857 30354 35039 28157 16525 34778 28377 25201 36067 32978 27786 27713 30007 43935 28146 40052 39278 32676 30410 24671 38013
24715 28209 18481 14821 22934 12861 20247 17585 17313 22389 19151 22064 18005 18007 20330 25784 14303 20882 18445 26215 23807 16710 24347 15259 22993 26170 21752 19392 22104 16806 22937 25723 18468 23655 24137 23164 20671 18068 28249 13608 14028 22300 24370 16964 20673 20940 25785 17034 19794 18586 19250 32094 22343 19251 17751 21258 21347 23669 24469 22351 14064 20986 19551 20203 23113 25084 21963 19253 21678 20043 21338 16679 22240 12386 21030 27786 14750 21999 28191 23574 16931 20798 14149 4700 18147 15165 16567 21799 19059 15822 19101 17005 26954 19964 24692 29305 24717 20766 16211 24844
38195 42369 41011 26517 33675 27094 31592 19635 33331 34995 41133 37782 29073 20772 31600 35621 22902 30617 22725 42749 39840 27126 44003 17412 38895 35692 26099 30204 34578 33962 28473 38876 28748 35691 38574 35842 41850 30249 44260 24564 23706 39018 35959 23243 28785 38628 33776 23236 31740 28277 34803 46324 28481 39484 27540 28802 35443 31965 32960 29397 25338 33313 31201 36564 28640 34842 40134 34268 44489 34142 36289 26876 40287 16098 27765 40014 26404 29463 45970 35814 26416 31328 19602 13148 34788 26191 24300 32391 31003 20886 25130 29459 45860 28793 32475 42644 34064 29769 22498 39879
17549 24187 25108 16293 15499 12262 18155 11644 14701 18748 23159 23904 18455 14756 14413 21864 11640 15842 10663 16059 18434 15231 15541 12912 21963 13636 16460 14408 18508 14562 18712 19187 18124 23469 22581 20459 15865 21958 18439 18323 13358 22271 16944 15035 15094 19019 15688 10167 14780 18108 15665 22244 13139 19959 15010 13091 12470 14705 20460 14135 18635 13797 13318 16770 12990 15577 19358 18864 25918 20123 17353 12174 17619 6219 15647 27334 19154 20415 24690 23365 13537 18904 13646 9212 19128 15398 14742 16780 14683 13272 14846 15189 23403 10379 18786 16991 18648 16932 15479 15407
25277 26377 27335 14938 21520 19860 20135 12817 19990 19200 21369 28989 23673 12922 21251 25149 19335 16265 15366 26413 27092 20621 23192 12989 23507 18137 20920 20292 21287 20401 27084 25462 18446 24671 26328 24651 26662 22318 25863 16982 14700 20833 23763 16256 16842 22632 21824 13011 18641 21831 16415 31121 17798 21899 18310 20597 21765 21040 22735 19649 19022 20738 20167 22690 19802 20679 25637 20532 26405 23005 23595 15458 23947 7119 17750 27218 16737 24713 27818 25389 15011 20108 13717 8190 22346 14275 19012 19473 24555 14763 16389 12974 25176 13740 21240 24991 25025 19498 17413 23148
34260 38247 35750 26427 24619 24954 31751 22664 22023 29020 30973 37260 31999 24213 22087 35759 21878 28792 22204 31071 28414 26058 29291 18578 29983 27784 25360 22643 25672 29214 30542 28773 27819 31267 33968 35197 29162 31137 33846 23576 24927 30008 29990 20509 25819 32264 28913 22279 21963 27454 27098 37413 24978 32153 18930 20383 25784 29120 32052 24360 27888 21793 18676 29459 24600 24886 25470 27803 35798 31006 27502 20779 28788 11617 22388 34130 23937 27517 36039 31863 24930 31615 26441 14108 26314 22773 24407 31528 26633 22818 26004 20941 34758 21287 30356 32965 33343 27064 22287 30496
27937 31480 28041 21442 23668 17527 23609 15508 21607 23977 28982 27835 21787 16500 20082 27625 17214 24733 15181 27363 25776 17833 29135 13594 28371 25149 19555 19835 25679 23286 20295 25326 22337 26982 26496 25509 26528 22423 31282 20264 19217 28807 23406 17734 20037 27449 21912 17026 21171 23156 25254 31468 21616 28200 18545 18070 24937 23521 25937 19745 19854 22346 18759 25487 21050 23136 24953 25427 31322 24679 24584 19411 25251 11273 19979 28124 19505 20386 32691 26142 21233 24402 16267 10399 25027 21230 18003 24016 20321 16263 18340 21424 31701 20585 24828 29320 25292 20524 16060 26963
44395 50562 46610 35897 33329 33496 38720 28246 30573 44403 46119 47010 39204 30240 32378 43894 22604 39883 31386 44615 41825 36151 46882 20946 41526 40022 31083 33601 35009 43192 35789 39921 38029 40596 46167 43506 43822 40868 45861 29202 33046 41160 42030 25906 34640 44595 41626 29673 33593 30894 40264 50174 33709 49462 27000 26054 36241 40506 41126 34058 33996 32275 27591 37131 32333 38147 37274 35856 49992 38987 37641 29618 42585 17680 31184 45574 32559 32257 49178 43766 34792 42123 32404 17518 35317 29254 28428 42815 34489 28689 33277 35376 53120 33153 40378 45275 39059 37817 28247 44228
24407 26075 26140 14448 20753 19235 20397 12871 18807 20387 20713 23589 19732 13275 17888 22974 15437 16448 15533 25660 23335 18330 22860 11499 21666 19832 16759 17357 17213 21513 20149 22193 14845 18148 24530 24762 25188 18411 26046 13931 13362 21427 24140 14073 20189 23530 20870 15093 17786 16630 18297 28721 16810 21560 14291 17374 18878 18770 20535 18919 16779 19362 17063 22899 18930 19736 22392 19541 26242 19021 20075 16728 24870 8964 14677 23165 15795 19576 26394 19880 13137 19387 14445 7440 19422 13504 17368 18754 21748 12036 16390 12966 24492 15752 17457 26904 24138 18955 14652 23069
29972 32047 31279 19330 26152 22979 22268 13273 21873 23838 26169 28951 23445 13704 20880 27567 19143 21580 16889 29340 28625 20822 28654 12181 27823 22273 20087 20318 22182 27348 22437 23871 18023 22563 28541 27575 31402 21755 31610 19733 17152 26779 27776 17779 22764 29198 21001 17584 21999 21701 22725 33166 21596 28728 17327 18015 24348 23135 25736 21434 20693 25317 18512 27084 24235 23049 26227 24549 33242 21005 24084 22055 29122 10309 17172 26180 19655 21515 32225 24517 16654 23502 16851 9339 25907 18087 20259 21338 26699 13739 17388 16860 29221 19743 21246 31703 27671 21590 16044 27509
31994 40071 34980 28278 23496 22120 28891 23467 19889 36261 36494 31921 26338 27859 24219 32681 14550 30986 24882 29887 29089 23931 31165 17602 32289 32688 22430 23410 23991 28972 23873 29353 24501 31240 32698 34093 26395 30766 33579 21735 22587 34074 31059 22157 27564 35003 32463 23645 24393 22325 29163 38177 24051 34749 21047 19744 23787 28298 31136 25991 26866 25065 18846 25679 23658 27052 28506 29296 36550 25825 24921 23290 30340 15844 22961 39252 27637 23877 37507 33091 23452 30149 25048 13074 23934 22837 21420 30040 22319 22565 26575 25773 38059 23864 32050 35219 28260 25593 22618 29101
40095 44358 38289 28406 31314 24729 39399 26832 29428 31577 35265 36989 31313 27949 23933 40857 25732 34100 23370 38765 29692 24439 36333 22504 34715 37846 27133 23761 31623 30662 28944 34588 30008 33181 36734 40794 32514 29201 44522 24423 27013 38210 33935 22498 32869 37164 32673 28163 25752 30664 35210 43859 30377 33134 20783 26234 31667 31989 35347 27852 27215 25364 23810 38712 29045 30150 29337 33946 40387 36580 32510 24843 34599 16732 26228 36351 24179 29406 43549 30774 28598 34753 27895 14853 30263 28754 27135 36815 27180 24237 30367 24789 40436 28516 33425 43230 40531 30282 22349 38291
31911 30839 29732 19876 20907 26633 24133 17879 17433 22527 21577 30757 27656 18067 21120 27962 22643 21730 21831 29366 26587 22958 25626 12885 22044 23862 20813 19193 16865 27447 27523 22889 16529 22262 26372 30682 28532 23011 29758 15859 18810 20141 28236 16377 20817 28716 24944 20659 17712 21900 19083 34201 21408 25182 15079 19018 25280 25692 24157 21715 22573 22236 15823 25595 23708 19170 22876 22383 26376 21521 23093 18974 26168 9674 15193 24521 16641 21994 27538 23650 16683 22391 21849 10484 20382 15216 21594 23896 28452 18742 20746 10270 23130 16914 24341 31118 28562 19659 17570 26663
37126 39560 37635 25766 26808 27259 35644 25724 25079 32091 31357 39071 34603 26021 24585 38403 22076 29190 24844 35522 31493 29546 31418 20244 31766 31427 26539 26708 26833 31307 34381 34463 29917 31264 37489 39192 32446 33467 36918 22158 25938 31786 33114 21309 28864 34422 36114 22840 23834 28322 28783 41738 24839 33136 20252 24414 26878 31013 34487 28113 29305 22738 22518 32004 25313 28550 28262 29017 36721 34140 28739 21844 31480 12803 24172 37149 24981 29973 38473 33759 27399 35378 27171 13789 25836 22275 27390 34142 27918 23040 28710 22619 39414 23096 30486 36988 37991 29747 25663 33148
25446 29660 31346 21539 17560 19638 23142 14109 17984 19731 27618 27879 22317 17459 16964 24968 20137 21005 14125 22657 20697 16079 22256 13135 23316 19975 17146 13758 19110 21113 19033 19522 16917 25354 23155 26669 21711 21944 26344 19780 17389 24824 21208 15890 17642 26461 15912 17640 15714 21896 20473 27553 17917 23776 15235 15351 21088 18974 20852 15176 21823 18200 13764 24787 17235 14585 22375 24539 29695 23072 22480 15962 23017 8630 14720 25783 18881 20290 28213 22318 15108 18952 18917 13105 22932 19683 17566 21254 20877 17709 18120 12817 22244 13672 23248 24561 22690 16446 14558 21966
29575 31383 31900 20892 19696 23430 28422 20321 25159 28403 32139 29271 24214 21854 26132 26125 18420 23681 22623 36248 28878 22872 35016 14548 24590 32788 18720 23011 22791 25797 23735 33028 22375 28314 28731 31294 30307 24474 33739 12869 19488 26113 28859 14834 21519 29786 33097 21843 21834 18771 27162 37531 20592 27871 20470 25792 28540 26186 21154 23161 19355 21429 25621 28574 18161 25392 31261 24950 29599 30664 29630 16041 31647 13598 21298 31567 17641 23162 32837 26494 21130 22251 18778 12144 21399 18092 17869 30112 22906 21614 24449 20256 33962 21121 28610 33177 25203 22756 18641 32758
29329 32100 25539 20315 22699 20464 24237 19890 19192 26228 24497 30367 25663 20327 23083 29308 17768 24783 22569 30798 27947 23505 29952 15498 24448 27426 24151 22304 23503 24692 28194 27583 24171 27941 29240 27689 27271 24599 30435 16693 19991 22632 28550 17158 21787 25539 28857 20405 21613 21006 23060 35263 25020 27067 18809 21242 25756 28871 26754 24010 19266 21700 20311 23459 24386 26436 24148 21002 27191 25691 26218 17590 26687 11808 22522 29632 17319 24468 30701 28433 21434 25089 20360 8932 21628 17042 18724 28255 24748 20743 22641 19490 31189 21557 29155 30463 26676 25162 18596 30036
35598 41146 30735 26974 28150 23250 27347 22087 22366 32267 32970 30831 24708 24701 25939 32689 20681 32763 26192 36166 30776 22200 38464 16645 30157 36325 25329 22014 26636 30558 23569 27895 23089 30786 31125 32205 31439 23880 39597 20277 22539 30937 34289 20686 28317 34059 28804 28771 26405 22507 31107 40989 32205 33648 20993 22330 32313 32995 29627 26842 20902 29396 21119 29936 31088 29803 28576 28150 34820 25364 30376 24961 34056 17612 24388 32381 20764 23488 37976 29059 22630 26153 24379 11134 27156 23590 19743 31904 28160 23717 25944 23436 34774 29107 34822 40391 28967 26894 17302 36882
35828 42092 42382 29461 26721 28715 33234 23610 25527 37265 39015 41971 35126 26130 27389 37617 19097 30786 25746 35475 35463 32179 35227 19041 35372 30106 26948 28857 28702 34774 33469 34817 32375 35609 40618 38084 35447 37843 35671 25913 26923 34681 34916 22794 28640 36864 35591 22427 27317 27138 31063 41994 25253 40376 23569 22637 26967 31901 35098 28473 31457 25496 23586 30352 24922 30676 32617 30303 43098 34225 30956 23324 35010 12928 26065 42109 29986 30680 41298 39121 27748 35966 27456 15561 29671 23591 25652 34692 29275 24199 28353 28166 44311 23871 33046 35257 33667 32077 26597 33931
35548 40576 35635 27195 32236 25835 21986 15114 23587 31704 35010 38116 29275 16569 28160 33954 21404 30063 21425 33346 38446 26433 37520 14038 36899 25938 27968 27287 31207 33860 29335 28178 26210 34372 35288 28892 38213 30002 36525 28523 23029 32678 33038 24461 23970 34789 24520 20084 29510 28507 27731 40254 29839 40269 25145 19815 31984 32321 34486 26602 26027 34125 22098 27656 32016 30703 32835 29565 41338 24313 30792 27831 33573 12370 24829 35656 26462 26676 40279 36999 23422 29688 20037 11170 34365 23596 22431 26437 32961 19446 19697 26059 38394 25492 31822 35446 28964 27184 20293 33226
23600 26918 23740 17131 21172 17726 14913 10627 14546 21593 21583 23856 18973 11726 17709 22367 13186 18990 15115 21504 24480 17632 22849 9402 23614 17170 17722 17420 18040 22672 18885 17859 15113 19916 23325 20428 24404 19262 23701 17553 14148 21304 22816 16085 17728 23481 17035 13822 18869 17318 17410 26603 18776 25507 15159 12626 18995 20364 22695 18205 17480 22226 13385 18097 21310 19714 20694 19090 26795 14059 18272 19043 22399 8559 14926 23209 17770 17131 25856 22907 13802 19712 14071 6785 20919 14292 15615 16541 21792 11829 13532 15548 24271 16486 19285 24457 20217 17852 13744 20896
18757 19268 19780 15612 8586 17015 14968 11331 10638 14162 18329 19431 16451 13411 14248 14876 15288 15447 14376 18903 15236 12846 19249 7146 11681 17040 11340 9721 10279 16956 14153 13215 10632 17609 14061 18321 16669 14322 18267 9334 13119 11709 16378 8466 9914 18447 13969 15656 10050 12407 13908 20397 13981 16897 10173 11661 18800 16669 10877 10928 13474 12712 9815 16082 12099 9577 15513 14634 16304 15787 17476 9273 16933 6685 9596 15127 9347 12206 16519 14589 10673 10133 14985 9509 13009 11225 10061 17498 16742 16051 14037 6799 12933 10218 19522 17575 12607 10549 8884 18239
22250 28099 18230 18043 20190 10240 22152 17110 14235 19322 18721 22650 18817 17912 11788 27118 12505 23074 14053 19475 15895 14886 19840 15515 21194 20651 20340 13548 21511 16648 18944 17996 22799 21918 23517 21491 15767 18555 24358 17872 17698 22272 19883 14680 20936 18484 17408 16795 16165 18757 21182 24033 22320 20505 11839 12361 16296 21541 25292 17162 15371 13437 11353 19446 20546 20644 12350 17400 24038 21213 18387 14738 17787 9834 19081 22372 15045 18932 25947 20938 19401 23914 18698 7381 18699 18184 15138 23684 14877 15463 18635 18517 25691 19173 22470 23146 23972 22354 13285 22493
31820 37345 37285 23317 28978 24231 27523 15861 24007 26671 29981 36935 29965 16981 20560 34609 20606 24652 17376 29439 30165 25852 28343 16776 32258 20327 25658 22331 27204 29654 28955 26199 26686 28595 36010 31630 32706 29406 32272 26973 21758 31003 30214 20720 26682 30439 21728 18062 24146 26612 25638 34792 24391 33342 18876 17777 22865 25695 32376 23222 26270 23784 18955 29620 26131 25977 26373 26554 40801 27893 27161 22699 30885 9165 21555 32255 25095 28355 37050 31072 20975 30786 22205 12180 31039 21925 23937 26378 29091 16751 21067 21395 35230 20493 24531 30811 32771 28875 20192 29327
31630 37336 38690 26116 25136 24020 30692 18576 27019 30458 37533 34991 27772 20860 23189 32014 18813 27635 19041 33520 29882 24525 34826 16211 32049 28228 21564 23090 28044 30084 23929 30562 28088 31199 34430 32827 32914 29459 35130 23357 23459 33791 29535 18652 25600 33255 27023 20919 24708 24088 31327 36242 23126 35491 20641 20579 26650 26315 28427 22759 25070 22862 22549 31517 21223 26688 30330 29097 40806 32456 30198 20845 33254 12348 22799 34218 24704 25308 38584 30846 24284 29418 22055 14802 29478 24103 20967 30916 24651 20095 23855 25933 39508 22940 28036 32772 29176 27417 19750 32892
33001 35059 38975 25157 23210 27110 27648 16971 26811 26921 36512 37375 29569 19082 27960 29879 25214 25292 19722 35128 33526 24397 35385 14620 30504 27680 22409 24241 27541 28865 28261 31946 24408 34804 31241 32155 34714 29341 35055 22131 22222 29680 28588 19283 19086 33398 27068 19934 23423 27430 26620 38940 22322 32963 23953 24795 32202 27328 25501 22092 25710 26235 25139 31131 21235 23667 34949 30120 36527 32418 32934 19306 32202 10806 21790 34576 22369 27053 36793 32280 22069 24061 19477 15275 29764 22483 21418 28426 28786 22647 22125 19860 33750 18861 30890 32065 27256 22007 20216 31976
21584 24772 24435 16137 18143 16731 16310 9946 15422 18240 21640 22235 17461 11626 15655 20372 14430 16915 12647 20551 20724 14962 20972 9452 20924 16325 15148 14112 16606 19809 16126 16854 13611 19026 20917 20436 21839 17258 22692 16037 13149 20517 20168 13779 16223 22046 14329 13721 16082 16464 17040 24189 16309 21968 13538 12748 17941 17086 18787 15060 16344 18645 12973 19552 17456 16052 19870 19020 25613 15974 18419 15947 21380 7731 13065 21047 15811 16408 24250 19321 12052 16628 13520 8173 19933 14564 14391 16177 19487 11911 13393 12771 21099 13937 17732 22363 18943 15646 11930 19765
27518 35012 30167 23973 24254 17072 21746 16978 18137 29592 31678 30250 23427 20313 22443 29860 14230 26144 17980 23892 28718 20269 26007 15468 32454 24149 22615 22488 25772 23366 23777 26164 22782 31051 29324 26642 24125 28163 28798 23975 18936 31566 25212 22663 21281 29301 24802 16004 23102 24497 23176 33472 21545 30962 21849 17577 21512 24460 30543 22552 24444 25318 17841 21144 22779 24753 27140 26983 33649 21919 22470 21817 24603 11893 21987 36814 26128 23625 34752 32998 20700 27007 17861 10209 25347 21281 19833 22519 20841 17735 19527 23681 33955 19467 28003 28744 25034 21619 20756 23144
35608 44098 40487 29466 30271 23199 34435 22570 30919 33953 42235 38760 29549 26011 28048 37578 22948 33052 22341 38718 33886 25437 40485 21140 36904 35175 28001 25765 35334 29953 28213 36208 32670 39827 38374 36178 34503 31888 41764 27050 25808 39082 33791 22954 29217 35762 30667 25642 29195 28899 35754 43307 30360 37375 26108 26739 32472 31829 33176 26907 25999 27508 27891 35709 27105 32604 35520 33526 44488 37968 36784 23202 37287 15967 29713 41586 26831 31588 45457 36224 27511 31546 24265 15568 34499 29115 22862 36151 27596 25520 28391 30003 44160 27767 36669 38609 32949 31818 22092 38819
41124 51210 39962 34689 33652 24921 35079 26755 28026 36841 42699 42135 32549 31431 30442 42807 27531 40031 28082 40158 35930 26433 43004 23905 38942 40020 34237 25725 37215 32680 32201 34587 33432 44841 39599 38936 34322 33392 45940 30793 29004 40052 38348 27307 32293 39011 31211 32448 31216 32876 37154 48252 39077 39915 27820 27369 37475 38888 38409 30329 28442 32719 25870 36497 35961 34766 34895 35970 45189 36654 39140 27472 38437 18997 32730 44300 28156 34110 48215 39780 29105 33164 30350 16040 36895 32394 24914 39706 32758 31455 32064 29714 42725 31952 45285 43865 35724 33938 22978 42290
37711 39080 39696 26197 26881 31309 31290 22153 26825 34393 35558 39087 33273 22802 29654 34243 22156 28644 26707 39876 37145 30918 38621 16012 32265 32732 24809 29117 26494 35636 32390 35392 27178 31857 37071 37229 39180 32543 38301 20539 24800 30784 35700 20476 26555 37113 36564 23489 26860 25487 29737 43890 25269 37731 23163 25639 31963 32494 30907 28721 27689 28231 25900 32010 25898 30085 34453 29409 38426 31941 32038 23468 36483 13555 23663 36733 24571 27889 39034 34665 25562 31351 24308 13813 27872 20824 24810 33017 31837 22962 26590 23659 40466 24447 31488 38582 33047 28454 23967 36380
34150 31829 31090 19137 26899 26011 25908 17410 22496 25532 23853 31924 28343 15254 22756 30804 20410 22659 19626 32168 31345 24766 28851 13066 28757 25200 21175 25058 22417 29727 28619 28752 20547 22231 30398 31295 33835 25089 33574 18088 19856 26341 28823 18720 23026 31177 29253 16818 21918 24948 22513 36847 20517 29350 17727 20913 26193 26172 29365 24796 23810 25466 20161 27850 24547 24797 26488 25349 30743 23521 23380 22735 27972 10251 17755 27524 19844 22581 32471 27067 21420 28818 18206 9091 23435 16942 24449 23717 27557 14402 19453 17045 32240 20232 21458 34521 33146 21916 20418 28250
30656 30557 28382 24697 19782 23273 20114 16036 17037 26446 29887 30603 25423 16811 23665 25686 18156 26551 19440 27289 29615 20881 30863 9624 27396 25751 18321 22527 21914 28292 22866 24062 20210 27953 24211 25341 29107 25561 29571 19044 21492 24772 23615 18244 14875 30964 25312 17225 20296 23821 22798 32788 20491 32573 19506 16474 28872 27073 25350 20276 23497 25560 16434 21500 20895 20596 26025 25592 28064 21064 23401 20507 23643 10602 17419 27787 20099 17001 29698 29413 22690 23896 17861 11650 22549 18978 18185 23521 23221 19023 17523 19639 29597 19041 27758 28752 21963 16096 17651 25623
36329 39908 43330 27346 28444 27389 36116 19708 30078 28298 36960 39056 32260 20661 21433 36891 24550 28681 17514 35104 29714 25589 33849 18134 34229 27681 22985 22760 29627 32558 26890 31002 29493 30661 36791 37684 35603 30792 38900 26731 26120 36591 30360 19864 28374 36193 25693 21842 24085 29596 32774 37843 23923 35849 19150 21076 28032 26510 31859 22933 28986 22763 21811 37557 23147 25423 29545 32547 44345 35987 31215 22915 34131 11351 21793 32940 25641 27529 41076 30105 26111 33352 24979 16811 32598 26996 25919 32306 27616 19703 24998 23702 39424 22859 26477 35686 36567 28379 20883 34229
43907 51482 45257 36955 35458 30667 31572 23358 25503 39880 44006 47098 37677 26862 31140 44027 26112 39541 26902 36388 41702 30986 40192 19994 44695 33252 33148 30524 35607 39640 35381 32926 32453 42940 41943 39360 39650 39653 43276 35980 30554 42055 38028 31057 30289 44258 31235 26338 32305 36873 34102 47839 34492 47643 28471 22215 35530 38286 43712 31231 36474 37407 22180 33427 36270 33148 36195 38498 49592 31114 34205 33004 36914 15672 28926 46030 35059 32172 48606 45283 30369 38859 29740 16582 38815 31223 29436 34207 36021 26842 27599 30549 45151 28984 40618 42438 37375 31322 27105 36739
35573 40438 37986 27612 24913 26033 36432 25436 26271 30848 34540 38463 32688 27390 23918 37039 23410 30757 24550 36689 28824 27406 34721 20702 29542 33012 26335 23077 27994 30275 30801 32688 31170 33841 36406 38132 31325 31440 37699 22269 26698 31454 32918 19102 28653 33248 32186 26501 23573 26459 31845 40332 27703 33038 19933 24159 28955 31383 30944 25663 26577 20803 22748 33907 24635 27808 27980 28670 37970 37152 32624 19485 33376 13706 25363 35497 22836 29759 38743 31755 26883 31842 28676 15760 27622 24610 23825 37334 27388 26280 30060 23350 38207 24422 33769 35933 34504 30959 22114 36504
40478 43583 37631 28353 33096 25180 34592 24164 31565 32251 38207 40671 32452 24726 31189 39791 27743 34024 23739 41917 37758 26416 42045 20973 37907 37916 30336 29473 37235 30791 33828 39449 32425 40622 37456 37090 37661 31589 45349 26069 26995 37547 34140 24727 27075 36867 34785 25098 29564 34015 34060 47638 31996 36252 27905 30683 38232 35625 35974 29518 26720 31334 30133 36765 30663 33928 36845 34846 40225 38136 37652 24946 35655 16045 30376 40740 24512 32360 45607 37704 30393 33074 22849 14001 34159 28606 26104 36005 30612 25956 27884 27769 43379 28613 38166 42374 37196 29522 23928 40157
21286 26413 28286 16946 17521 18303 21037 14896 16279 25375 24044 27833 23515 16529 17821 24634 9608 17084 16702 21721 23979 23257 19860 13098 23407 16498 18228 20469 17865 21783 24284 24078 21674 22282 28857 24899 22679 26805 20360 16799 15897 22162 23362 15275 19590 22451 25019 11709 18175 16451 17931 26993 13976 25669 15683 14926 13238 19151 23844 19681 21225 15463 16161 17727 15072 21141 21686 18009 28636 21857 18469 14462 22697 7147 17339 30097 21418 22329 26576 27186 16755 24822 16967 8940 18395 12923 17608 21057 18916 13913 18263 18679 30435 13640 19137 21003 22544 22792 19646 19760
34729 36917 37162 20234 30027 26599 32663 19971 30869 28157 30443 36705 30396 19433 26548 34712 23559 24016 21919 40326 33937 28266 36068 18641 30512 29660 26451 26499 29253 29779 32393 36093 27995 29866 37818 35666 37718 27885 38666 20003 21478 30211 34658 18573 28615 31142 32112 21713 26390 25146 28845 42117 25866 30786 21825 28110 29342 29058 29673 27465 22549 24726 28719 35157 26136 31334 32866 26889 38114 34991 33591 20594 36728 12254 25137 33927 20673 31638 39258 30230 22773 29533 20945 11476 29518 20502 24418 31962 31020 19696 25592 21680 39020 23912 27447 37438 35852 31401 21546 37295
31001 31738 32705 18364 27734 19521 32442 17251 28740 21095 26597 30584 25658 15459 17513 32637 21060 22229 12182 31329 24831 19940 27494 17082 29760 24749 20116 20872 27993 23695 24073 30296 25686 23827 31152 31654 29871 23154 35370 20671 20380 32066 24421 16871 25113 28056 24146 15867 20673 26827 27390 33220 19601 25510 16367 21689 23524 21315 28559 20816 21665 18687 21975 33715 20040 24193 24830 27330 34783 32182 25895 19077 27461 9868 19935 27045 19156 24652 35645 23571 23349 29843 17072 11211 26771 22431 23659 26359 21173 13248 20442 20157 34981 20352 19206 32419 35597 24285 18261 29287
30847 32161 28783 21087 20762 19689 32064 23971 22944 27379 28205 27034 24057 24534 21236 29769 17495 25828 20926 32166 23846 20012 29034 17143 25556 33965 18424 21250 22424 23097 22902 31690 22672 25376 27405 33228 24450 23789 34356 13658 20620 28833 26037 16403 24097 29697 33671 21471 19277 21690 27210 36036 19876 24557 17216 23798 24866 24922 25399 23173 21075 18598 21293 28632 18463 23895 25168 26279 27252 29682 24344 17305 26350 14341 20315 30704 18293 21614 32606 24467 23737 26898 20634 11396 18488 20001 20859 29820 18051 19967 25492 19857 33371 21550 26509 34569 30552 21471 19885 29296
28070 29486 26957 20840 20536 21232 19622 14271 19620 23021 27823 28060 22036 15576 23678 23820 19676 23202 18612 29607 28137 18959 31755 10794 24243 25516 19333 19828 22372 24627 21693 24210 18589 27470 23901 24024 28688 21016 30102 16718 18024 22633 24915 16001 16121 27075 22259 18813 20514 20755 22290 32725 22366 27677 19455 19515 28926 25571 21342 19555 18119 24448 19582 23622 21617 21556 27055 23175 27334 22441 26620 17868 26452 10921 18580 26007 16159 19617 29385 25610 18220 18679 15921 10264 23471 17861 15770 23447 24445 18951 17716 17043 26807 19141 27423 28755 20790 18074 14544 28230
27770 30704 29988 22976 18122 22378 25085 18141 20989 25952 30699 31558 25781 19814 23049 26224 18133 24762 20695 31138 26951 23010 32673 13333 23488 26809 20173 20817 23078 26081 24350 27078 25096 29743 27972 27321 28461 25772 29416 16843 21580 23125 26171 14517 18368 26999 26620 20315 20383 19941 25517 32807 22100 29875 18797 19820 27187 26991 22225 20239 20180 19341 20452 24810 18726 23043 26097 22337 29706 29182 28537 14999 27806 10728 20914 28656 17631 22162 30318 27919 22133 22828 20484 12862 22820 18620 16207 29712 23174 22298 22212 20625 31645 19712 29413 27253 22196 23182 16972 30580
34176 38032 31811 25917 28802 20392 27666 19407 25256 28918 34116 33373 26134 20394 25187 33527 21186 30695 19141 33171 31682 21152 35597 16566 34208 31565 24570 24511 31618 27396 25415 30953 26976 33642 31188 30100 31453 26737 38151 24115 23293 34109 28135 22033 23327 32724 27363 20847 25744 28664 29984 38841 27254 33510 23210 22624 31452 29767 31857 24470 23435 27967 22952 29814 26570 28555 30124 30565 35977 29262 29847 23557 29535 14126 24973 34306 22846 24662 39263 32308 26257 29177 19293 11855 29728 25582 21565 29106 24568 20513 22195 25865 37829 25417 31645 35897 30291 24195 19560 32716
27640 30872 21295 19754 24120 16443 22137 17631 20156 25225 24886 26158 20916 17312 21232 27189 14864 26100 19671 30664 26358 19925 33207 13630 24723 28433 22150 21055 25797 23914 22057 25833 24844 26151 27147 23227 27393 20216 31592 16219 19637 23793 26507 15514 21402 23917 25532 20017 22764 18885 26137 32576 26534 27932 17950 19049 26827 28435 25597 22466 14680 21843 20148 23194 24517 28095 22403 20060 27190 24269 26172 18164 26424 12914 23092 25592 15026 20189 30839 25686 22723 24259 17268 7459 22502 18436 15204 27921 21440 18171 20170 23470 33034 25101 27734 30477 23896 25026 14626 31786
20449 24190 23125 12787 17477 17174 17738 14283 15278 23572 19437 22494 19058 15641 19407 21104 9820 14594 18601 23666 23800 20694 20527 11956 19655 19131 17518 19313 15019 19199 22493 23721 15667 19007 25258 23019 21838 20818 21047 11139 11608 18216 24610 13847 19259 20339 25732 13421 17854 12555 15308 28302 14994 20505 15479 17821 14705 19019 19900 20570 15834 17471 17778 16690 16929 21557 22321 15532 22865 17545 18109 13984 23355 8910 16391 27268 16650 20940 24017 22890 12227 18999 14019 5624 15166 9479 15476 18637 19705 13150 17480 14418 25708 14275 18776 23520 20562 20491 17116 20546
28535 29530 24709 21606 21175 19128 24692 17680 19670 23403 25515 28848 24419 16755 18503 27746 16490 25913 17444 28385 24261 20622 30355 12670 24266 25491 19606 20043 24029 25624 22342 24191 25783 25039 26513 25030 27239 22735 29975 17621 22280 23700 23498 14507 19259 25454 24132 18249 19625 21395 25822 29946 22740 29016 15483 16119 25703 26618 25509 19738 18810 18465 16866 24165 20618 23372 20032 21319 27915 26220 24401 17093 23802 10337 19821 23426 16023 18512 29322 25146 24716 26478 19281 10451 22006 19265 17059 28066 20404 17914 19684 21779 31913 21862 25269 27739 25199 22674 15413 29222
23561 29573 29275 19455 20054 18705 20212 11775 17508 20193 25231 26775 20807 14705 15954 24439 16942 19684 14284 22590 21384 17547 23016 12448 22777 17078 18674 13828 19218 22197 18678 17524 17707 22876 25371 23950 23454 20498 24898 20002 15921 23153 23529 15015 20105 23839 13715 17237 17806 18320 20301 26169 20123 24950 14253 13233 18794 19385 21372 16149 18814 18530 13529 23154 19965 17825 20704 20749 31267 20455 22234 16736 25028 8258 15707 23949 18255 20624 27842 21785 13348 19163 18239 10624 23968 17668 15904 20581 22609 15248 16848 14611 23600 15703 21258 23737 21659 20746 12916 23354
27536 27042 28736 17662 19838 23186 22445 16881 19131 27620 25065 28940 25595 16194 23005 25298 13025 19514 20011 28524 29697 25030 26413 11265 25438 23333 17561 25431 18852 26493 26378 29162 20410 22159 28440 27647 29361 26634 26530 14025 17692 23027 25797 16197 18878 27681 32170 13341 20221 19011 19973 33081 14860 28391 18053 19532 21159 23317 24831 23125 22206 21175 20134 20864 17334 23513 26465 21363 27004 22332 20589 17815 25214 9306 17278 29806 20211 20514 28394 28187 20231 26180 15872 8716 18122 12956 20083 22474 21976 14546 18798 18907 32891 16772 20755 27989 25556 20308 21200 23920
25325 31221 34680 17140 24522 23360 23839 12503 24925 26649 28730 29367 23042 14044 20785 25904 14090 17944 17877 31679 28539 25030 30305 13130 25731 20146 19788 20851 21531 27942 22311 26359 21764 21836 33765 27973 33180 23709 28696 17818 15832 25849 30979 14293 26289 26416 22870 17449 23738 14861 24646 31870 20008 29983 16949 18586 19471 21305 22728 21932 18387 20707 22042 27372 20626 26417 27856 20447 37530 25214 26578 18337 34507 9614 19194 28254 20392 24741 32632 24681 14803 23446 17483 9688 26052 15446 17703 24414 26601 13429 19625 20365 34200 19786 19298 28699 25449 28851 16266 30202

MATRIX A2
95 20 13 19 62 39 69 49 25 81
45 96 5 37 80 46 60 92 64 31
41 39 99 66 32 75 87 24 60 83
65 17 38 86 4 50 23 25 82 28
6 50 76 51 78 42 41 46 10 76
1 71 46 34 99 75 55 76 44 90
52 40 89 54 9 40 65 28 44 25
32 40 51 91 42 71 26 31 36 96
44 14 37 79 10 28 43 29 6 77
81 99 73 82 41 86 50 52 41 59

MATRIX B2
79 99 22 63 20 25 77 81 31 73 24 70
53 87 44 38 1 94 5 11 21 17 37 60
85 98 16 96 82 35 80 42 83 90 84 97
16 26 2 34 37 92 47 15 58 41 30 3
10 94 38 80 90 87 57 21 33 33 4 72
13 86 22 4 4 26 80 62 22 71 82 71
51 43 75 21 17 16 74 65 25 40 10 67
34 75 66 81 67 44 52 58 75 75 16 45
31 42 2 95 13 75 76 14 45 47 48 11
47 54 57 34 59 52 18 51 51 92 89 35

MATRIX A2 x B2
20868 34161 19506 24302 18985 22213 27014 24274 19106 29101 18011 26339
20687 39577 21887 30651 20004 33304 28970 21711 22485 27950 18157 28481
27086 40871 20160 30966 23363 30226 35938 26340 27749 37389 30522 33114
17213 26370 9345 23083 12959 23187 26138 17043 19314 24887 19135 17900
19263 34399 18001 25837 23870 27462 24549 18584 22801 28327 22054 27130
21244 42197 23721 31104 26240 34204 30339 23222 25874 33654 25969 32086
22073 31133 13894 24719 16374 21838 27635 19609 21128 26905 20575 25297
19790 34205 16160 24911 20944 29689 27095 20711 23782 31653 26280 24818
16075 23036 12870 16894 15158 18995 19473 16891 17704 23598 17423 17401
29053 48126 21547 33448 23121 36464 36225 27988 28654 38242 29966 36201
andrew@andrew-VirtualBox:~/Projects/COMP362/LAB5/cmake-build-debug/bin$ ./matrixMult in5.txt

MATRIX A1
249 908 435 733 502 393 709 271 314 475 309 864 465 616 177 724 961 716 969 474
147 411 769 932 278 101 605 931 748 396 220 602 794 604 875 700 190 764 798 968
434 132 445 123 650 640 992 804 181 380 922 356 368 835 955 930 190 915 805 184

MATRIX B1
2 3 9
5 2 4
2 6 9
2 3 0
7 4 9
0 6 3
0 9 4
9 0 3
9 7 2
5 6 7
4 4 0
6 7 4
2 4 3
5 3 7
6 9 3
2 3 4
1 5 3
8 7 5
4 6 9
2 3 1

MATRIX A1 x B1
42981 54977 51335
51968 57495 49157
47402 57799 53143

MATRIX A2
36 35 20 48
26 48 24 64
30 35 62 97
67 49 21 41
74 26 49 58

MATRIX B2
6802 4555 8962 6617 6583
1686 6263 1246 2201 3421
3400 8229 1424 4139 6050
1986 5771 1104 2141 3041

MATRIX A2 x B2
467210 824773 447714 500795 623691
466484 985894 397652 514050 675190
666512 1425840 507846 739840 987302
691174 1021492 736676 725888 860421
828972 1237847 829392 873873 1048916
andrew@andrew-VirtualBox:~/Projects/COMP362/LAB5/cmake-build-debug/bin$ exit
exit

Script done on 2022-09-26 17:56:06-07:00 [COMMAND_EXIT_CODE="0"]
